Distance matrix shape: (50, 50)
Top-left 5x5 block:
 [[ 0.   12.37 19.21 31.06 22.2 ]
 [12.37  0.   15.3  37.01 21.02]
 [19.21 15.3   0.   49.68 36.06]
 [31.06 37.01 49.68  0.   20.4 ]
 [22.2  21.02 36.06 20.4   0.  ]]
gen	nevals	min                          	avg                          	max                          
0  	0     	[1429.45249552    3.        ]	[1771.64764941    4.36      ]	[1790.58493487   56.        ]
1  	267   	[1429.45249552    3.        ]	[1769.9825419    4.44     ]  	[1790.58493487   56.        ]
2  	265   	[1429.45249552    3.        ]	[1765.8582936    4.82     ]  	[1790.58493487   56.        ]
3  	277   	[1429.45249552    3.        ]	[1760.19377958    4.79333333]	[1790.58493487   56.        ]
4  	273   	[1429.45249552    3.        ]	[1751.84333841    5.06666667]	[1790.58493487   56.        ]
5  	279   	[1429.45249552    3.        ]	[1727.33050627    6.59333333]	[1790.58493487   60.        ]
6  	265   	[1415.23506733    3.        ]	[1669.4687643   11.12     ]  	[1790.58493487   66.        ]
7  	261   	[1415.23506733    3.        ]	[1581.15936293   16.55333333]	[1757.1266937   66.       ]  
8  	270   	[1412.73168578    3.        ]	[1512.55797376   18.72      ]	[1736.43817126   56.        ]
9  	260   	[1394.53230265    3.        ]	[1529.41275296   12.72666667]	[1728.71552037   56.        ]
10 	269   	[1388.88858026    3.        ]	[1554.52434338   10.28666667]	[1720.26646117   56.        ]
11 	269   	[1388.88858026    3.        ]	[1536.12883502    9.37333333]	[1720.26646117   56.        ]
12 	262   	[1382.9178526    3.       ]  	[1571.77216692    7.75333333]	[1687.75282084   56.        ]
13 	266   	[1374.20952278    3.        ]	[1515.96199978    9.42      ]	[1674.76543183   56.        ]
14 	274   	[1373.14014557    3.        ]	[1505.92100831    9.46666667]	[1673.1965791   56.       ]  
15 	274   	[1373.14014557    3.        ]	[1479.34426246    8.71333333]	[1673.1965791   39.       ]  
16 	271   	[1359.3125502    3.       ]  	[1445.15463873    8.62666667]	[1646.26940218   16.        ]
17 	267   	[1355.60888641    3.        ]	[1440.26158238    8.22      ]	[1646.26940218   13.        ]
18 	269   	[1355.60888641    3.        ]	[1394.8769246    10.30666667]	[1525.88587608   13.        ]
19 	266   	[1355.60888641    3.        ]	[1378.68331286   11.        ]	[1467.29684699   21.        ]
20 	268   	[1350.62897188    3.        ]	[1359.61167429   12.55333333]	[1426.07043919   21.        ]
21 	271   	[1350.62897188    3.        ]	[1356.67362654   12.84      ]	[1407.46980282   21.        ]
22 	274   	[1350.62897188    3.        ]	[1358.01034773   12.64      ]	[1407.46980282   21.        ]
23 	276   	[1350.62897188    3.        ]	[1359.88192658   12.52666667]	[1407.46980282   21.        ]
24 	276   	[1350.62897188    3.        ]	[1363.85108168   12.44      ]	[1407.46980282   21.        ]
25 	272   	[1347.05544496    3.        ]	[1373.16506616    9.21333333]	[1407.46980282   19.        ]
26 	277   	[1342.27334559    3.        ]	[1387.12411457    6.21333333]	[1407.46980282   19.        ]
27 	277   	[1342.27334559    3.        ]	[1378.08587567    6.3       ]	[1393.68627618   13.        ]
28 	270   	[1342.27334559    3.        ]	[1380.47710081    5.56      ]	[1393.68627618   13.        ]
29 	259   	[1342.27334559    3.        ]	[1377.54555929    6.20666667]	[1393.68627618   13.        ]
30 	264   	[1342.27334559    3.        ]	[1373.40986178    7.06666667]	[1393.68627618   13.        ]
31 	275   	[1342.27334559    3.        ]	[1364.29128795    9.00666667]	[1393.68627618   13.        ]
32 	277   	[1342.27334559    3.        ]	[1357.458744   10.2     ]    	[1393.68627618   13.        ]
33 	271   	[1342.27334559    3.        ]	[1372.86044599    7.11333333]	[1393.68627618   13.        ]
34 	258   	[1342.27334559    3.        ]	[1392.29860007    3.3       ]	[1393.68627618   13.        ]
35 	265   	[1342.27334559    3.        ]	[1392.29860007    3.3       ]	[1393.68627618   13.        ]
36 	260   	[1342.27334559    3.        ]	[1392.07545416    3.34666667]	[1393.68627618   13.        ]
37 	265   	[1342.27334559    3.        ]	[1391.58045378    3.44666667]	[1393.68627618   13.        ]
38 	275   	[1342.27334559    3.        ]	[1391.8849488    3.38     ]  	[1393.68627618   13.        ]
39 	264   	[1342.27334559    3.        ]	[1391.54219593    3.44666667]	[1393.68627618   13.        ]
40 	276   	[1342.27334559    3.        ]	[1392.44074918    3.27333333]	[1393.68627618   13.        ]
41 	264   	[1342.27334559    3.        ]	[1392.41820703    3.28      ]	[1393.68627618   13.        ]
42 	261   	[1342.27334559    3.        ]	[1392.37377335    3.27333333]	[1393.68627618   13.        ]
43 	264   	[1342.27334559    3.        ]	[1392.0787261     3.35333333]	[1393.68627618   13.        ]
44 	277   	[1342.27334559    3.        ]	[1391.80359969    3.4       ]	[1393.68627618   13.        ]
45 	271   	[1342.27334559    3.        ]	[1391.15043619    3.54      ]	[1393.68627618   13.        ]
46 	267   	[1342.27334559    3.        ]	[1391.98426687    3.38666667]	[1393.68627618   13.        ]
47 	275   	[1342.27334559    3.        ]	[1392.10227119    3.32666667]	[1393.68627618   13.        ]
48 	276   	[1342.27334559    3.        ]	[1392.36332264    3.28      ]	[1393.68627618   13.        ]
49 	274   	[1342.27334559    3.        ]	[1392.22770167    3.31333333]	[1393.68627618   13.        ]
50 	258   	[1342.27334559    3.        ]	[1392.20123695    3.33333333]	[1393.68627618   13.        ]
51 	266   	[1342.27334559    3.        ]	[1392.6609912     3.22666667]	[1393.68627618   13.        ]
52 	272   	[1342.27334559    3.        ]	[1392.16271888    3.32      ]	[1393.68627618   13.        ]
53 	271   	[1342.27334559    3.        ]	[1392.11371201    3.34666667]	[1393.68627618   13.        ]
54 	277   	[1342.27334559    3.        ]	[1392.80996677    3.18666667]	[1393.68627618   13.        ]
55 	273   	[1342.27334559    3.        ]	[1392.4672139     3.25333333]	[1393.68627618   13.        ]
56 	258   	[1342.27334559    3.        ]	[1392.14635256    3.33333333]	[1393.68627618   13.        ]
57 	264   	[1342.27334559    3.        ]	[1392.70607551    3.21333333]	[1393.68627618   13.        ]
58 	281   	[1342.27334559    3.        ]	[1392.14635256    3.33333333]	[1393.68627618   13.        ]
59 	281   	[1342.27334559    3.        ]	[1392.07545416    3.34666667]	[1393.68627618   13.        ]
60 	273   	[1342.27334559    3.        ]	[1391.31905002    3.49333333]	[1393.68627618   13.        ]
61 	268   	[1342.27334559    3.        ]	[1390.969769      3.55333333]	[1393.68627618   13.        ]
62 	265   	[1342.27334559    3.        ]	[1392.78742462    3.19333333]	[1393.68627618   13.        ]
63 	272   	[1342.27334559    3.        ]	[1392.29242424    3.29333333]	[1393.68627618   13.        ]
64 	274   	[1342.27334559    3.        ]	[1392.07545416    3.34666667]	[1393.68627618   13.        ]
65 	271   	[1342.27334559    3.        ]	[1392.05291201    3.35333333]	[1393.68627618   13.        ]
66 	268   	[1342.27334559    3.        ]	[1392.22770167    3.31333333]	[1393.68627618   13.        ]
67 	273   	[1342.27334559    3.        ]	[1392.29242424    3.29333333]	[1393.68627618   13.        ]
68 	264   	[1342.27334559    3.        ]	[1392.07545416    3.34666667]	[1393.68627618   13.        ]
69 	268   	[1342.27334559    3.        ]	[1392.00455576    3.36      ]	[1393.68627618   13.        ]
70 	269   	[1342.27334559    3.        ]	[1392.03654569    3.36666667]	[1393.68627618   13.        ]
71 	267   	[1342.27334559    3.        ]	[1392.07545416    3.34666667]	[1393.68627618   13.        ]
72 	263   	[1342.27334559    3.        ]	[1392.16889471    3.32666667]	[1393.68627618   13.        ]
73 	278   	[1342.27334559    3.        ]	[1391.53827336    3.46      ]	[1393.68627618   13.        ]
74 	271   	[1342.27334559    3.        ]	[1392.27213535    3.32      ]	[1393.68627618   13.        ]
75 	267   	[1342.27334559    3.        ]	[1392.36332264    3.28      ]	[1393.68627618   13.        ]
76 	266   	[1342.27334559    3.        ]	[1392.09799631    3.34      ]	[1393.68627618   13.        ]
77 	269   	[1342.27334559    3.        ]	[1392.09799631    3.34      ]	[1393.68627618   13.        ]
78 	276   	[1342.27334559    3.        ]	[1391.85848408    3.4       ]	[1393.68627618   13.        ]
79 	267   	[1342.27334559    3.        ]	[1392.41820703    3.28      ]	[1393.68627618   13.        ]
80 	273   	[1342.27334559    3.        ]	[1392.07545416    3.34666667]	[1393.68627618   13.        ]
81 	276   	[1342.27334559    3.        ]	[1392.07545416    3.34666667]	[1393.68627618   13.        ]
82 	263   	[1342.27334559    3.        ]	[1392.34730863    3.29333333]	[1393.68627618   13.        ]
83 	272   	[1342.27334559    3.        ]	[1392.48910543    3.26666667]	[1393.68627618   13.        ]
84 	267   	[1342.27334559    3.        ]	[1392.41820703    3.28      ]	[1393.68627618   13.        ]
85 	267   	[1342.27334559    3.        ]	[1392.70607551    3.21333333]	[1393.68627618   13.        ]
86 	261   	[1342.27334559    3.        ]	[1392.26595952    3.31333333]	[1393.68627618   13.        ]
87 	267   	[1342.27334559    3.        ]	[1391.9614645    3.38     ]  	[1393.68627618   13.        ]
88 	271   	[1342.27334559    3.        ]	[1392.78742462    3.19333333]	[1393.68627618   13.        ]
89 	270   	[1342.27334559    3.        ]	[1392.29242424    3.29333333]	[1393.68627618   13.        ]
90 	264   	[1342.27334559    3.        ]	[1392.41820703    3.28      ]	[1393.68627618   13.        ]
91 	264   	[1342.27334559    3.        ]	[1392.41820703    3.28      ]	[1393.68627618   13.        ]
92 	280   	[1342.27334559    3.        ]	[1392.22770167    3.31333333]	[1393.68627618   13.        ]
93 	267   	[1342.27334559    3.        ]	[1392.00455576    3.36      ]	[1393.68627618   13.        ]
94 	265   	[1342.27334559    3.        ]	[1391.78140985    3.40666667]	[1393.68627618   13.        ]
95 	270   	[1342.27334559    3.        ]	[1392.10417214    3.34666667]	[1393.68627618   13.        ]
96 	272   	[1342.27334559    3.        ]	[1391.79376151    3.42      ]	[1393.68627618   13.        ]
97 	276   	[1342.27334559    3.        ]	[1392.36332264    3.28      ]	[1393.68627618   13.        ]
98 	275   	[1342.27334559    3.        ]	[1391.92320665    3.38      ]	[1393.68627618   13.        ]
99 	278   	[1342.27334559    3.        ]	[1392.22770167    3.31333333]	[1393.68627618   13.        ]
100	270   	[1342.27334559    3.        ]	[1392.09799631    3.34      ]	[1393.68627618   13.        ]

===== Key Metrics =====
Initial best distance: 1429.45, worst: 1790.58
Final   best distance: 1342.27, worst: 1393.69
Improvement in best distance: 6.1%

Initial best demand diff: 3.00, worst: 56.00
Final   best demand diff: 3.00, worst: 13.00
Improvement in best demand diff: 0.0%

=== Initial generation metrics ===
Hypervolume          : 56615.55
Spacing              : 8.87
Range Spread         : 331.59
Population Diversity : 115.74
Pareto Front Size    : 7

=== Final generation metrics ===
Final hypervolume    : 128555.80
Final spacing        : 0.29
Final spread         : 61.41
Final diversity      : 3.14
Pareto Front Size    : 150
========================

=== Three Representative Solutions ===
Best Min Total Distance: 1342.27, 13
Best Min Demand Diff: 1393.69, 3
Best Balanced: 1370.85, 8
